lat_north = 48.410338
lat_south = 48.404339
lon_east  = -4.522670
lon_west  = -4.526271